Chess.com
ChessBlitz	Bullet	Rapid	USCF	FIDE
500	455	660	365	
600	540	770	465	
700	660	890	525	
800	755	995	655	
900	840	1080	770	
1000	930	1170	895	
1100	1025	1260	1025	
1150	1075	1305	1090	
1200	1125	1345	1145	
1250	1170	1390	1205	
1300	1230	1435	1270	1420
1350	1280	1480	1335	1450
1400	1330	1520	1395	1470
1450	1385	1560	1455	1505
1500	1425	1600	1500	1525
1550	1470	1630	1540	1545
1600	1520	1660	1590	1610
1650	1575	1705	1650	1665
1700	1630	1740	1695	1690
1750	1680	1785	1740	1720
1800	1735	1815	1775	1760
1850	1800	1860	1820	1810
1900	1845	1890	1855	1835
1950	1905	1925	1900	1890
2000	1950	1955	1940	1930
2100	2060	2025	2030	2015
2200	2160	2090	2115	2105
2300	2280	2150	2200	2195
2400	2400	2220	2235	2275
2500	2500	2290	2330	2340
2600	2605	2375	2435	2400
2700	2705	2450	2490	2455
2800	2815	2555	2585	2530

Chess.com to Lichess
ChessBlitz	Blitz	Bullet	Rapid	Classical
500	880	925	1120	1170
600	985	940	1265	1250
700	1045	1035	1295	1320
800	1175	1080	1380	1385
900	1265	1195	1520	1550
1000	1345	1230	1575	1585
1100	1450	1320	1640	1655
1150	1490	1350	1680	1705
1200	1525	1385	1710	1715
1250	1560	1410	1745	1740
1300	1630	1490	1800	1765
1350	1680	1545	1835	1795
1400	1720	1580	1855	1810
1450	1775	1640	1885	1845
1500	1805	1665	1920	1860
1550	1820	1680	1935	1875
1600	1865	1715	1960	1910
1650	1900	1775	2005	1940
1700	1930	1820	2020	1960
1750	1970	1850	2055	2005
1800	2010	1895	2080	2005
1850	2040	1935	2110	2010
1900	2065	1965	2130	2025
1950	2110	2010	2160	2040
2000	2140	2060	2180	2060
2100	2210	2145	2215	2105
2200	2265	2225	2270	2170
2300	2320	2295	2310	2230
2400	2410	2395	2385	2250
2500	2495	2470	2450	2305
2600	2555	2555	2515	2360
2700	2630	2695	2555	2420
2800	2740	2815	2685	2570

Lichess
LichessBlitz	Bullet	Rapid	Classical	USCF	FIDE
880	925	1120	1200	350	
985	940	1265	1260	440	
1045	1035	1295	1320	525	
1175	1080	1380	1385	655	
1265	1195	1520	1550	770	
1345	1230	1575	1585	895	
1450	1320	1640	1655	1025	
1490	1350	1680	1705	1090	
1525	1385	1710	1715	1145	
1560	1410	1745	1740	1205	
1630	1490	1800	1765	1270	1420
1680	1545	1835	1795	1335	1450
1720	1580	1855	1810	1395	1470
1775	1640	1885	1845	1455	1505
1805	1665	1920	1860	1500	1525
1820	1680	1935	1875	1540	1545
1865	1715	1960	1910	1590	1610
1900	1775	2005	1940	1650	1665
1930	1820	2020	1960	1695	1690
1970	1850	2055	2005	1740	1720
2010	1895	2080	2005	1775	1760
2040	1935	2110	2010	1820	1810
2065	1965	2130	2025	1855	1835
2110	2010	2160	2040	1900	1890
2140	2060	2180	2060	1940	1930
2210	2145	2215	2105	2030	2015
2265	2225	2270	2170	2115	2105
2320	2295	2310	2230	2200	2195
2410	2395	2385	2250	2235	2275
2495	2470	2450	2305	2330	2340
2555	2555	2515	2360	2435	2400
2630	2695	2555	2410	2490	2455
2740	2815	2685	2560	2585	2530