f_filter;f_kernel;s_kernel;t_kernel;f_drop;s_filter;f_dense;s_drop;t_filter;test_loss;Epochs
96;2;4;2;0.2;64;128;0.4;96;1.215517520904541;15.0
32;2;5;2;0.5;64;96;0.1;64;1.1997052431106567;15.0
256;2;1;5;0.5;128;128;0.1;128;1.1937869787216187
;14.0
96;5;4;5;0.3;256;64;0.2;32;1.1544865369796753;14.0
96;2;5;1;0.5;96;32;0.3;96;1.4007046222686768;13.0
64;2;4;1;0.3;32;128;0.4;128;1.2007911205291748;19.0
256;2;4;2;0.5;128;32;0.3;256;1.4403716325759888
;11.0
128;3;4;3;0.1;32;96;0.5;64;1.327388048171997;10.0
32;3;1;2;0.3;128;32;0.1;96;1.2699155807495117;15.0
256;3;5;3;0.1;32;32;0.3;64;1.2358955144882202;17.0
128;2;4;4;0.5;156;32;0.1;32;1.1421222686767578;21.0
256;1;4;2;0.3;32;96;0.3;64;1.1952162981033325;18.0
32;4;1;3;0.2;96;64;0.1;96;1.2845163345336914;13.0
156;2;2;2;0.5;32;96;0.4;64;1.3092306852340698;14.0
64;2;2;2;0.4;256;64;0.3;96;1.3049769401550293;12.0
156;2;1;4;0.2;96;128;0.4;64;1.2929948568344116;14.0
64;4;1;2;0.3;128;32;0.2;128;1.2783095836639404;18.0
128;4;5;4;0.5;96;64;0.4;256;1.2717193365097046;17.0
156;3;2;4;0.2;64;128;0.2;64;1.2063037157058716;15.0
96;5;1;1;0.1;256;32;0.2;256;1.1871694326400757;10.0
96;1;2;2;0.2;256;64;0.2;256;1.1946500539779663;15.0
96;4;1;2;0.2;256;64;0.4;128;1.1914899349212646;10.0
32;2;2;2;0.2;32;64;0.4;256;1.2162413597106934;14.0
128;3;1;1;0.2;256;32;0.3;128;1.2541933059692383
;12.0
32;4;3;4;0.3;64;96;0.2;256;1.1492117643356323;10.0
128;1;2;1;0.2;156;128;0.2;128;1.316603183746338
;14.0
32;5;4;2;0.5;32;32;0.5;96;1.493776559829712;19.0
156;4;4;2;0.2;96;32;0.4;256;1.1954962015151978;19.0
156;1;1;4;0.3;156;32;0.5;256;1.2796599864959717
;17.0
256;3;1;4;0.5;96;96;0.5;256;1.2695913314819336;14.0
96;4;2;3;0.4;256;64;0.4;64;1.1189550161361694;18.0
256;5;4;5;0.5;96;128;0.4;256;1.270202398300171;17.0
156;1;3;2;0.3;156;96;0.3;96;1.1199404001235962;13.0
256;1;2;4;0.4;156;96;0.4;32;1.1286312341690063;16.0
96;4;5;4;0.4;128;64;0.3;256;1.2279046773910522;12.0
96;4;5;2;0.1;156;64;0.3;128;1.1725915670394897;11.0
32;3;5;4;0.4;156;128;0.2;64;1.1506860256195068;12.0
156;1;3;3;0.3;96;96;0.4;128;1.1110525131225586;15.0
96;5;1;5;0.1;256;64;0.5;32;1.2722707986831665;13.0
256;2;4;1;0.1;32;64;0.3;64;1.232435703277588;14.0
32;4;3;1;0.2;156;64;0.2;64;1.3311548233032227;13.0
32;4;4;3;0.5;128;96;0.3;128;1.108879566192627;22.0
32;5;3;1;0.2;128;96;0.4;32;1.1146761178970337;22.0
64;1;1;4;0.4;128;32;0.5;32;1.2159781455993652;24.0
64;3;2;3;0.4;156;32;0.4;64;1.1701611280441284;21.0
64;1;3;1;0.5;128;32;0.4;96;1.2093923091888428;27.0
128;1;3;5;0.2;156;64;0.1;32;1.2142845392227173;11.0
96;3;2;4;0.1;156;64;0.2;256;1.1929521560668945;8.0
32;1;3;1;0.2;156;32;0.4;64;1.2335776090621948;16.0
96;1;2;5;0.3;256;64;0.3;256;1.396314024925232;14.0
156;2;5;1;0.5;64;32;0.5;256;1.677093505859375;16.0
32;3;3;3;0.3;64;64;0.1;256;1.1728010177612305;9.0
32;2;5;2;0.4;128;128;0.1;256;1.0821563005447388
;11.0
128;3;5;2;0.1;156;64;0.1;64;1.1726031303405762;11.0
96;2;5;1;0.5;256;64;0.2;32;1.1748000383377075;15.0
32;5;3;3;0.4;156;64;0.1;128;1.2365226745605469;13.0
128;5;5;2;0.1;128;64;0.2;128;1.1649314165115356
;10.0
256;3;2;1;0.3;128;64;0.2;64;1.4449338912963867;16.0
96;5;5;1;0.1;256;96;0.1;128;1.1123294830322266;10.0
128;3;5;2;0.2;128;32;0.1;64;1.1163787841796875;13.0
32;4;5;3;0.2;156;96;0.5;32;1.2062177658081055;17.0
256;5;3;1;0.1;32;96;0.2;96;1.247531771659851;17.0
96;2;3;5;0.1;32;32;0.5;128;1.2045270204544067;15.0
32;5;5;5;0.4;64;128;0.5;96;1.153420090675354;18.0
128;2;1;1;0.2;256;32;0.5;64;1.2702174186706543;18.0
96;3;3;3;0.4;256;32;0.3;128;2.702214479446411;8.0
256;2;1;3;0.5;64;128;0.4;256;1.2432774305343628
;17.0
64;3;2;2;0.3;256;128;0.3;64;1.2275563478469849;10.0
128;3;5;3;0.4;128;32;0.4;32;1.1514467000961304;22.0
128;4;2;5;0.5;96;96;0.1;256;1.1219151020050049;11.0
64;3;3;3;0.3;96;128;0.2;128;1.139954924583435;11.0
64;3;1;3;0.2;32;96;0.5;64;1.1570641994476318;15.0
96;2;2;4;0.4;128;128;0.4;96;1.161253809928894;19.0
256;3;3;5;0.4;64;64;0.2;64;1.2077065706253052;13.0
128;4;2;2;0.3;32;32;0.4;128;1.3109303712844849;14.0
156;5;1;3;0.2;256;64;0.2;128;1.2086117267608643
;12.0
128;3;3;5;0.3;64;128;0.5;32;1.1639596223831177;13.0
32;3;3;3;0.1;32;64;0.4;256;1.3576685190200806;14.0
156;1;2;5;0.4;64;64;0.4;256;1.1817888021469116;22.0
256;3;1;1;0.2;96;64;0.3;96;1.2147737741470337;14.0
128;4;3;1;0.5;156;32;0.2;256;1.1458739042282104
;27.0
156;4;1;2;0.1;156;64;0.4;256;1.3011866807937622
;11.0
96;5;1;3;0.5;64;32;0.2;256;1.126633644104004;19.0
156;3;4;5;0.1;96;96;0.2;128;1.2168985605239868;9.0
96;2;5;2;0.3;64;128;0.1;128;1.155971646308899;13.0
256;3;2;4;0.3;128;32;0.5;128;1.2548177242279053
;19.0
64;3;2;2;0.5;128;96;0.3;256;1.2049412727355957;10.0
156;3;4;3;0.3;32;64;0.3;32;1.2497444152832031;17.0
64;5;2;1;0.1;32;128;0.5;96;1.2860828638076782;13.0
156;5;1;4;0.2;64;32;0.1;256;1.2002856731414795;11.0
156;5;1;5;0.1;128;96;0.5;96;1.2226148843765259;14.0
96;3;3;3;0.3;156;96;0.1;32;1.109329104423523;9.0
128;2;4;3;0.4;96;32;0.1;96;1.327667474746704;10.0
128;4;4;1;0.3;96;96;0.5;128;1.2648438215255737;14.0
156;2;4;4;0.2;128;128;0.5;64;1.1529934406280518
;12.0
256;4;5;4;0.5;64;64;0.5;96;1.5236222743988037;23.0
256;2;3;2;0.4;128;64;0.3;96;1.2082856893539429;16.0
156;4;1;3;0.5;128;128;0.3;128;1.1244354248046875
;15.0
156;3;2;4;0.5;96;64;0.1;32;1.2212706804275513;14.0
156;5;5;3;0.1;64;128;0.1;32;1.2388654947280884;15.0
64;3;3;3;0.2;64;96;0.2;128;1.1220974922180176;12.0
32;2;4;4;0.2;256;96;0.4;256;1.2076417207717896;9.0
32;2;3;2;0.2;96;32;0.3;96;1.2196887731552124;14.0
128;5;2;5;0.1;96;96;0.3;256;1.1253197193145752;8.0
64;5;3;3;0.1;96;128;0.2;256;1.2525339126586914;10.0
64;4;5;3;0.1;156;32;0.1;32;1.2468303442001343;13.0
256;3;1;2;0.2;64;96;0.5;256;1.3051716089248657;17.0
156;1;2;5;0.2;156;96;0.4;64;1.0729979276657104;13.0
128;3;1;2;0.4;156;128;0.2;96;1.2073625326156616
;14.0
156;3;3;3;0.2;32;96;0.4;128;1.2374293804168701;11.0
32;2;5;3;0.4;64;96;0.2;32;1.128942608833313;14.0
32;2;3;2;0.4;128;64;0.1;32;1.1599987745285034;15.0
64;3;1;1;0.3;256;96;0.5;128;1.2056787014007568;13.0
156;3;3;2;0.1;64;96;0.3;64;1.140390396118164;12.0
256;2;2;4;0.3;96;128;0.5;96;1.1554476022720337;19.0
256;2;4;1;0.5;64;64;0.4;64;1.3810374736785889;17.0
96;2;1;5;0.4;32;96;0.3;256;1.1696979999542236;9.0
64;1;4;3;0.4;32;96;0.5;64;1.1971372365951538;17.0
64;5;1;1;0.1;32;64;0.5;32;1.3015315532684326;11.0
156;4;1;5;0.4;96;32;0.4;96;1.1996794939041138;13.0
64;4;1;1;0.2;32;128;0.2;64;1.2896769046783447;11.0
32;5;4;5;0.1;256;128;0.5;96;1.1832942962646484;12.0
256;2;4;2;0.4;128;64;0.3;256;1.2573881149291992
;16.0
64;4;2;5;0.1;128;128;0.2;64;1.158608078956604;9.0
32;4;4;1;0.2;32;32;0.4;32;1.2825504541397095;23.0
64;4;5;4;0.4;32;32;0.3;128;1.365077018737793;13.0
128;4;2;4;0.4;32;32;0.3;256;1.3121832609176636;13.0
256;1;1;1;0.3;96;96;0.2;32;1.2904887199401855;10.0
156;3;1;1;0.4;96;64;0.1;96;1.2415423393249512;13.0
156;3;5;3;0.2;64;32;0.2;32;1.1313109397888184;14.0
128;3;3;1;0.4;256;64;0.5;32;1.256027340888977;20.0
256;3;1;2;0.5;32;128;0.5;64;1.337279200553894;14.0
128;4;3;3;0.2;64;96;0.3;96;1.2126884460449219;8.0
128;5;1;3;0.3;128;64;0.4;128;1.2789344787597656
;20.0
32;3;4;3;0.5;32;128;0.2;96;1.2558428049087524;12.0
256;1;1;1;0.2;156;32;0.3;32;1.3041774034500122;15.0
128;1;3;4;0.2;32;64;0.1;128;1.1829986572265625;14.0
32;5;4;4;0.4;32;32;0.2;32;1.1605534553527832;18.0
32;3;2;2;0.3;32;32;0.1;128;1.1926065683364868;16.0
64;3;4;5;0.5;32;32;0.1;128;1.1851481199264526;16.0
64;3;1;5;0.4;64;96;0.5;96;1.2212556600570679;11.0
64;3;3;3;0.1;96;64;0.5;96;1.3385779857635498;12.0
64;3;5;5;0.2;128;32;0.2;32;1.2569730281829834;12.0
256;5;3;3;0.3;156;128;0.5;96;1.2024400234222412
;15.0
156;2;5;1;0.2;256;32;0.2;96;1.1911112070083618;13.0
156;4;3;3;0.1;32;64;0.5;256;1.3288297653198242;18.0
156;1;3;4;0.4;156;128;0.5;128;1.134509801864624
;15.0
64;2;4;4;0.5;156;32;0.5;96;1.1494216918945312;28.0
128;2;1;2;0.5;32;96;0.2;96;1.3606064319610596;8.0
64;5;3;5;0.2;64;64;0.3;128;1.0847493410110474;10.0
32;2;2;1;0.5;128;32;0.5;64;1.4660892486572266;17.0
96;4;1;5;0.5;32;96;0.2;128;1.1672358512878418;16.0
96;3;1;2;0.5;256;64;0.3;32;1.2745065689086914;12.0
96;1;5;4;0.5;128;64;0.2;96;1.1323935985565186;15.0
64;1;3;3;0.2;128;32;0.2;96;1.1473050117492676;13.0
32;3;3;1;0.1;128;128;0.3;256;1.2075693607330322
;11.0
128;5;1;3;0.5;32;96;0.3;128;1.283843994140625;15.0
64;2;3;1;0.4;64;96;0.5;96;1.3010940551757812;14.0
256;3;3;4;0.5;156;32;0.1;64;1.1858261823654175;17.0
32;3;4;2;0.5;64;128;0.2;96;1.2878773212432861;12.0
64;3;2;1;0.3;32;128;0.1;128;1.185792326927185;10.0
32;5;3;2;0.4;64;96;0.3;64;1.266770362854004;14.0
128;4;4;3;0.3;32;32;0.1;256;1.2057629823684692;12.0
96;4;5;4;0.4;256;96;0.3;96;1.154326319694519;14.0
96;5;3;4;0.5;128;96;0.5;64;1.1971639394760132;15.0
128;1;5;4;0.1;156;96;0.4;32;1.349393606185913;14.0
156;3;5;4;0.2;156;128;0.3;64;1.1373186111450195
;12.0
256;4;1;5;0.4;64;96;0.5;96;1.236261248588562;16.0
64;4;2;4;0.2;64;32;0.2;96;1.4412055015563965;13.0
96;2;1;2;0.2;128;96;0.1;96;1.1435006856918335;14.0
32;5;4;3;0.4;64;128;0.3;128;1.1810261011123657;13.0
64;5;4;4;0.2;64;64;0.5;64;1.176925539970398;10.0
64;2;5;4;0.2;156;128;0.1;96;1.1820228099822998;9.0
96;5;5;3;0.1;32;128;0.1;64;1.2479937076568604;15.0
64;3;3;2;0.5;32;64;0.3;64;1.170749545097351;23.0
128;4;2;4;0.1;256;32;0.3;64;1.2497694492340088;12.0
156;2;3;3;0.4;96;32;0.2;96;1.138908863067627;19.0
128;1;1;5;0.5;32;64;0.3;256;1.1780058145523071;17.0
96;4;2;1;0.3;128;96;0.5;96;1.230985164642334;14.0
128;4;1;5;0.4;96;128;0.4;32;1.1901576519012451;15.0
256;4;2;1;0.5;96;32;0.1;32;1.3485010862350464;16.0
256;2;1;2;0.1;96;128;0.2;128;1.230514407157898;9.0
256;4;1;2;0.1;156;128;0.3;32;1.2786396741867065
;14.0
32;5;3;3;0.3;96;128;0.4;96;1.313170075416565;14.0
256;4;4;2;0.1;96;32;0.5;64;1.2980667352676392;17.0
96;5;2;5;0.3;32;128;0.4;128;1.1598445177078247;11.0
32;1;1;2;0.4;156;32;0.2;32;1.2334978580474854;15.0
64;4;5;2;0.2;64;128;0.4;128;1.1913585662841797;10.0
32;5;1;2;0.4;64;128;0.1;96;1.2195701599121094;21.0
64;3;3;3;0.5;64;96;0.1;128;1.0960078239440918;14.0
32;5;2;3;0.2;96;128;0.3;32;1.2589621543884277;13.0
96;4;3;2;0.2;64;32;0.4;64;1.2487022876739502;22.0
256;3;2;4;0.2;96;128;0.3;256;1.237871527671814;11.0
256;1;1;1;0.1;32;32;0.1;32;1.3407436609268188;13.0
96;1;4;5;0.3;128;32;0.1;32;1.225710391998291;11.0
128;5;2;4;0.4;128;128;0.5;96;1.1931791305541992
;13.0
64;3;3;4;0.4;96;96;0.3;96;1.0917702913284302;14.0
156;5;2;4;0.4;64;32;0.4;96;1.3183292150497437;20.0
128;4;3;2;0.4;96;32;0.1;32;1.1997491121292114;15.0
128;2;2;2;0.3;128;32;0.5;96;1.280949592590332;18.0
