f_filter;f_kernel;s_kernel;t_kernel;f_drop;s_filter;f_dense;s_drop;t_filter;test_loss;Epochs
32;3;4;1;0.4;64;32;0.2;96;1.0870879888534546;16.0
96;4;4;1;0.4;128;64;0.3;32;1.1617984771728516;17.0
128;4;5;4;0.2;156;96;0.2;64;1.0211167335510254;15.0
256;3;1;4;0.2;128;64;0.4;128;1.097469449043274;13.0
156;3;3;3;0.1;128;96;0.4;256;1.1393134593963623
;11.0
32;4;4;1;0.2;32;32;0.4;256;1.2236104011535645;14.0
156;5;2;3;0.5;128;96;0.3;64;1.0532327890396118;21.0
156;3;3;5;0.2;64;64;0.3;128;1.1585850715637207;15.0
96;5;1;3;0.1;64;128;0.1;128;1.1665138006210327;9.0
96;4;5;5;0.5;156;64;0.4;96;1.1513200998306274;11.0
32;4;4;3;0.2;128;96;0.1;32;1.1697529554367065;14.0
96;3;4;2;0.3;32;96;0.3;256;1.0775936841964722;13.0
128;5;1;3;0.5;96;64;0.2;64;1.0654418468475342;18.0
256;4;1;2;0.1;32;32;0.2;256;1.1223827600479126;8.0
256;1;4;2;0.1;256;32;0.2;64;1.2228724956512451;14.0
156;3;3;1;0.5;64;96;0.2;64;1.2011147737503052;25.0
256;1;2;2;0.3;96;64;0.5;128;1.235373854637146;20.0
96;1;4;5;0.5;64;32;0.4;128;1.1448734998703003;24.0
96;4;2;1;0.4;156;32;0.4;64;1.128320336341858;23.0
64;1;5;5;0.2;128;32;0.2;256;1.2670972347259521;16.0
64;3;5;4;0.3;32;64;0.4;64;1.0714749097824097;22.0
64;5;3;3;0.1;156;64;0.2;256;1.218812346458435;6.0
96;5;4;4;0.5;256;64;0.5;128;1.0953648090362549;19.0
32;2;5;5;0.1;32;96;0.4;32;1.1370713710784912;15.0
32;5;3;5;0.2;256;32;0.3;96;1.135711908340454;12.0
32;1;1;1;0.4;128;64;0.1;32;1.1912641525268555;19.0
128;5;5;2;0.3;256;96;0.5;128;1.0457634925842285
;20.0
156;2;2;5;0.1;256;96;0.1;128;1.3319036960601807;7.0
96;3;3;3;0.5;128;128;0.1;128;1.1048840284347534
;14.0
156;2;1;4;0.4;156;96;0.4;32;1.0707865953445435;19.0
96;4;4;5;0.3;156;128;0.5;256;1.1116468906402588
;12.0
256;2;4;3;0.4;256;96;0.5;32;1.048746109008789;18.0
156;3;2;3;0.2;64;96;0.3;128;1.1437815427780151;17.0
156;3;3;2;0.4;32;96;0.5;64;1.2360012531280518;14.0
32;2;2;1;0.3;128;32;0.4;64;1.1211740970611572;20.0
96;3;3;4;0.3;156;128;0.2;96;1.1536693572998047;14.0
32;1;2;1;0.4;256;64;0.5;128;1.1052672863006592;22.0
32;3;1;1;0.5;64;64;0.3;64;1.1865110397338867;21.0
96;1;3;5;0.5;128;32;0.5;64;1.1546663045883179;25.0
96;5;4;2;0.3;32;128;0.1;32;1.061234474182129;19.0
128;4;5;1;0.5;256;64;0.1;128;1.1431586742401123
;10.0
96;2;2;4;0.1;64;128;0.5;64;1.0678988695144653;13.0
64;1;4;2;0.3;32;96;0.3;32;1.1631100177764893;16.0
256;3;4;3;0.3;64;96;0.3;32;1.1256752014160156;16.0
96;2;1;5;0.1;256;128;0.1;32;1.1336332559585571;10.0
128;2;2;4;0.5;256;32;0.2;32;1.081163763999939;18.0
128;5;4;2;0.1;156;64;0.4;32;1.1464247703552246;13.0
156;5;3;2;0.2;64;96;0.4;64;1.1033316850662231;12.0
32;3;1;2;0.1;156;96;0.2;256;1.2092136144638062;9.0
156;4;5;5;0.5;128;128;0.3;32;1.1391024589538574
;15.0
156;1;3;4;0.2;32;32;0.3;64;1.1682626008987427;14.0
256;3;4;2;0.3;256;64;0.2;96;1.059664011001587;11.0
156;4;5;3;0.3;32;128;0.4;256;1.0972199440002441
;18.0
96;2;3;3;0.2;256;128;0.4;64;1.1403697729110718;13.0
128;5;5;2;0.2;256;128;0.2;256;1.0336331129074097
;11.0
32;3;5;4;0.1;156;96;0.2;64;1.0992387533187866;9.0
156;5;4;1;0.4;96;96;0.4;96;1.082696795463562;16.0
32;4;3;5;0.2;32;64;0.1;64;1.0823402404785156;10.0
256;4;3;3;0.1;64;128;0.2;96;1.0933642387390137;13.0
32;5;5;1;0.2;156;64;0.2;256;1.0890660285949707;13.0
256;1;5;3;0.3;32;64;0.1;64;1.2673169374465942;10.0
96;5;4;3;0.5;156;96;0.3;64;1.104099988937378;15.0
96;5;3;2;0.5;128;128;0.5;128;1.1550835371017456
;15.0
96;2;3;4;0.2;96;64;0.2;128;1.1226673126220703;8.0
96;3;1;1;0.2;96;32;0.5;32;1.2286896705627441;15.0
32;5;1;3;0.3;32;128;0.2;32;1.1129697561264038;16.0
256;5;3;3;0.4;64;64;0.3;128;1.1936334371566772;20.0
32;3;5;2;0.5;64;96;0.2;64;1.0871895551681519;20.0
256;1;3;4;0.5;156;96;0.3;64;1.2548556327819824;9.0
64;5;1;2;0.1;64;96;0.2;128;1.1790452003479004;11.0
32;5;5;1;0.1;128;32;0.2;64;1.109156847000122;11.0
64;3;3;4;0.4;64;64;0.4;96;1.0692329406738281;18.0
156;4;1;1;0.1;32;96;0.2;96;1.0921692848205566;11.0
128;1;1;2;0.3;64;64;0.4;256;1.10812509059906;18.0
128;1;3;2;0.3;32;96;0.1;256;1.198627233505249;11.0
64;4;2;4;0.3;96;128;0.2;128;1.108119249343872;13.0
128;4;2;2;0.2;64;96;0.2;256;1.0888588428497314;14.0
256;3;5;5;0.5;156;128;0.1;96;1.0342152118682861
;15.0
128;5;4;1;0.1;256;64;0.5;64;1.134663701057434;14.0
96;5;3;1;0.1;32;64;0.1;96;1.117027997970581;14.0
128;4;3;3;0.2;96;96;0.4;64;1.0088844299316406;13.0
64;1;2;5;0.3;128;128;0.2;32;1.1073799133300781;11.0
64;3;1;5;0.2;256;32;0.5;64;1.1909561157226562;15.0
64;5;4;2;0.3;64;96;0.4;96;1.1738440990447998;8.0
64;4;3;5;0.2;156;32;0.4;256;1.116133451461792;20.0
156;1;3;1;0.5;128;128;0.5;64;1.2316724061965942
;14.0
32;1;5;1;0.5;96;128;0.3;128;1.2168490886688232;10.0
156;1;2;5;0.1;156;96;0.4;64;1.2287746667861938;9.0
128;2;5;4;0.3;156;32;0.5;96;1.2617207765579224;13.0
256;4;2;2;0.3;96;96;0.5;64;1.075462818145752;20.0
32;1;3;2;0.1;156;32;0.3;256;1.1558597087860107;11.0
128;5;4;4;0.3;64;32;0.4;256;1.215183973312378;17.0
156;5;2;4;0.5;256;128;0.4;128;1.067406177520752
;16.0
32;5;3;3;0.5;156;128;0.4;256;1.0247002840042114
;15.0
156;3;4;1;0.2;96;32;0.3;32;1.0927150249481201;19.0
32;2;4;1;0.1;128;64;0.1;128;1.0750170946121216;9.0
256;2;5;1;0.1;32;64;0.1;128;1.223559856414795;11.0
64;2;2;5;0.3;64;64;0.3;64;1.1018693447113037;15.0
256;4;4;5;0.2;156;32;0.5;96;1.1952153444290161;23.0
64;1;2;4;0.5;64;128;0.4;64;1.089194416999817;18.0
128;2;3;4;0.3;32;64;0.2;128;1.0583308935165405;14.0
128;2;2;2;0.4;156;64;0.5;96;1.1717568635940552;18.0
256;2;2;4;0.1;156;32;0.1;32;1.138391137123108;11.0
128;5;4;2;0.2;256;64;0.5;256;1.0983418226242065
;16.0
156;2;2;3;0.2;156;128;0.2;256;1.2037068605422974
;11.0
32;2;3;5;0.5;156;128;0.3;128;1.1117247343063354
;12.0
128;2;1;5;0.3;64;96;0.2;64;1.1076337099075317;12.0
64;2;4;3;0.2;256;64;0.5;128;1.1065961122512817;14.0
32;3;4;2;0.4;256;32;0.2;128;1.150243878364563;11.0
256;4;4;3;0.5;256;64;0.4;64;1.165431261062622;16.0
256;4;3;2;0.4;156;128;0.1;64;1.1565204858779907
;12.0
256;1;3;3;0.4;256;64;0.2;256;1.108517050743103;18.0
96;2;1;5;0.5;256;32;0.3;256;1.1403053998947144;12.0
128;3;1;1;0.5;128;64;0.2;64;1.185286521911621;17.0
256;5;4;3;0.5;32;96;0.2;256;1.3304698467254639;19.0
64;4;3;3;0.2;256;32;0.3;32;1.1473309993743896;13.0
256;4;1;5;0.3;128;64;0.3;64;1.0741537809371948;14.0
32;5;3;2;0.2;64;64;0.5;128;1.0775156021118164;19.0
96;4;1;5;0.1;156;32;0.4;128;1.1375281810760498;17.0
128;2;2;3;0.5;128;64;0.3;128;1.1176151037216187
;17.0
96;2;1;2;0.5;64;64;0.4;64;1.191585659980774;17.0
156;5;5;3;0.5;256;128;0.5;64;1.1416984796524048
;18.0
96;1;4;3;0.5;128;96;0.1;128;1.1673171520233154;10.0
64;5;4;3;0.2;64;32;0.5;128;1.179291844367981;19.0
64;5;2;1;0.3;64;96;0.4;256;1.108320951461792;13.0
96;4;5;5;0.4;64;128;0.4;256;1.1537909507751465;12.0
156;1;2;1;0.5;128;32;0.1;64;1.105891466140747;18.0
156;4;2;2;0.3;64;64;0.2;32;1.0394395589828491;20.0
128;5;5;3;0.5;128;96;0.4;96;1.0797920227050781;18.0
256;4;3;3;0.4;32;64;0.1;256;1.2503538131713867;10.0
256;3;3;2;0.1;96;32;0.3;256;1.2157586812973022;11.0
96;3;2;4;0.5;156;96;0.1;128;1.0407185554504395;15.0
128;2;2;3;0.2;96;128;0.4;128;1.1458505392074585
;13.0
32;4;3;2;0.2;96;64;0.4;32;1.0651652812957764;14.0
256;4;4;5;0.3;128;96;0.4;256;1.1575754880905151
;15.0
64;2;5;3;0.4;156;64;0.3;128;1.0969210863113403;12.0
256;4;2;4;0.3;32;32;0.4;96;1.2271392345428467;14.0
128;2;2;3;0.2;156;128;0.2;64;1.1736844778060913
;10.0
156;5;3;3;0.3;156;64;0.3;256;1.1055352687835693
;15.0
96;3;1;4;0.3;156;96;0.1;128;0.989045262336731;11.0
96;2;5;1;0.2;32;96;0.2;128;1.1571036577224731;18.0
156;4;4;2;0.2;156;128;0.4;128;1.202790379524231
;18.0
96;4;5;5;0.5;156;64;0.5;32;1.0730127096176147;23.0
64;4;4;3;0.5;128;64;0.5;128;1.134645938873291;18.0
156;2;2;5;0.5;96;64;0.5;64;1.332573652267456;12.0
32;3;4;1;0.3;256;96;0.2;128;1.0487498044967651;15.0
128;5;5;3;0.1;156;32;0.4;64;1.109762191772461;17.0
128;3;5;4;0.1;128;32;0.5;256;2.619079113006592;9.0
256;1;1;4;0.1;256;128;0.3;256;1.2782387733459473
;8.0
128;4;2;4;0.2;96;64;0.4;256;1.0440574884414673;15.0
