f_filter;f_kernel;s_kernel;t_kernel;f_drop;s_filter;f_dense;s_drop;t_filter;test_loss;Epochs
256;3;4;5;0.4;32;64;0.3;32;1.1637743711471558;17.0
128;5;2;3;0.4;128;32;0.1;128;1.201278805732727;12.0
128;3;4;4;0.5;128;128;0.3;32;1.1851599216461182
;12.0
96;2;4;3;0.2;64;64;0.1;32;1.2190399169921875;9.0
32;3;5;3;0.1;128;96;0.4;32;1.2253328561782837;14.0
96;4;2;2;0.3;128;64;0.3;128;1.2079495191574097;9.0
156;1;4;1;0.5;32;32;0.5;32;1.2531192302703857;29.0
32;4;1;5;0.2;128;128;0.1;96;1.218055248260498;9.0
156;1;5;3;0.1;128;128;0.3;256;1.148697853088379;7.0
256;4;3;3;0.4;64;64;0.3;64;1.088258981704712;15.0
32;3;4;4;0.4;256;32;0.2;64;1.1906386613845825;13.0
156;5;3;4;0.4;156;128;0.5;32;1.1390094757080078
;14.0
32;3;2;1;0.1;96;32;0.1;32;1.2132973670959473;12.0
128;4;4;1;0.3;256;32;0.3;128;2.68576979637146;4.0
256;5;1;3;0.1;32;96;0.2;128;1.1802364587783813;9.0
256;1;3;2;0.2;64;32;0.4;256;1.2067517042160034;14.0
96;4;5;4;0.3;256;128;0.5;256;1.0978403091430664
;13.0
96;4;4;4;0.4;96;32;0.3;128;1.1088794469833374;16.0
32;2;1;3;0.3;256;96;0.5;128;1.1344698667526245;12.0
32;4;4;2;0.5;64;96;0.4;256;1.1630871295928955;13.0
156;5;4;1;0.2;32;64;0.2;32;1.1260652542114258;15.0
256;1;1;3;0.1;32;128;0.1;32;1.256799578666687;9.0
64;2;5;2;0.4;32;32;0.4;128;1.1902753114700317;13.0
128;5;3;3;0.5;64;64;0.2;32;1.106857419013977;13.0
256;2;1;4;0.1;32;96;0.4;128;1.218623399734497;11.0
32;5;2;3;0.1;64;96;0.3;32;1.1852636337280273;9.0
256;4;2;2;0.2;64;32;0.4;64;1.206121802330017;13.0
32;3;1;2;0.2;256;64;0.4;96;1.3035895824432373;10.0
156;3;1;1;0.3;32;96;0.3;32;1.1048502922058105;10.0
64;5;1;5;0.2;128;64;0.3;96;1.1787562370300293;10.0
156;3;2;5;0.4;128;96;0.1;32;1.2244657278060913;10.0
64;3;2;3;0.4;156;128;0.5;256;1.1499603986740112;8.0
156;5;1;3;0.2;256;32;0.4;256;2.3808889389038086
;24.0
256;5;5;1;0.3;128;32;0.1;64;1.1461411714553833;10.0
128;4;3;4;0.1;32;64;0.1;256;1.1903798580169678;8.0
128;3;4;2;0.5;256;32;0.1;32;1.2416115999221802;14.0
96;2;3;1;0.4;128;128;0.4;64;1.0603280067443848;10.0
64;1;2;4;0.1;32;32;0.5;96;1.295156478881836;21.0
128;5;4;4;0.1;156;64;0.3;32;1.2336745262145996;9.0
128;2;5;4;0.1;64;128;0.1;96;1.1994502544403076;7.0
128;2;3;5;0.3;32;128;0.5;96;1.1686369180679321;11.0
128;3;5;1;0.3;64;64;0.4;64;1.1568619012832642;11.0
128;2;2;4;0.3;96;128;0.4;128;0.994113028049469;10.0
32;5;2;3;0.5;32;96;0.2;32;1.1981945037841797;12.0
256;5;3;2;0.2;96;64;0.3;128;1.1920228004455566;9.0
64;5;3;3;0.4;256;32;0.5;32;2.3671069145202637;17.0
156;2;2;5;0.5;64;128;0.2;32;1.1109963655471802;11.0
64;1;1;1;0.5;32;128;0.1;128;1.2590477466583252;9.0
256;5;3;3;0.1;156;96;0.3;96;1.2797589302062988;7.0
96;5;1;4;0.4;64;128;0.4;64;1.1222904920578003;10.0
64;2;4;3;0.3;96;96;0.3;64;1.1293529272079468;10.0
32;5;5;2;0.4;32;128;0.3;128;1.120233416557312;10.0
156;2;2;4;0.3;156;128;0.1;64;1.0747398138046265;7.0
128;5;3;1;0.1;256;96;0.2;96;1.1660130023956299;10.0
256;5;5;4;0.5;32;96;0.5;128;1.5569599866867065;11.0
32;2;3;3;0.1;96;32;0.1;256;1.2085222005844116;9.0
128;1;1;2;0.5;32;96;0.2;32;1.1874945163726807;10.0
64;2;2;1;0.4;32;32;0.4;256;1.260979413986206;18.0
64;2;1;2;0.4;156;32;0.2;96;1.1612088680267334;15.0
64;1;3;4;0.3;96;64;0.5;64;1.2736585140228271;10.0
256;5;2;1;0.1;256;32;0.4;32;1.5300705432891846;16.0
128;2;4;1;0.5;64;32;0.1;96;1.210079312324524;11.0
96;3;5;3;0.3;156;96;0.1;32;1.137550950050354;11.0
128;2;2;3;0.3;32;64;0.4;128;1.2006149291992188;12.0
64;5;3;4;0.2;128;32;0.3;256;1.215600609779358;11.0
128;3;2;2;0.1;64;128;0.5;64;1.0968776941299438;8.0
128;3;1;3;0.1;96;64;0.5;32;1.138232707977295;11.0
32;3;1;5;0.1;128;128;0.1;96;1.1966702938079834;7.0
32;2;2;5;0.5;96;32;0.3;128;1.2783392667770386;18.0
64;1;1;4;0.1;256;128;0.2;128;1.336966872215271;8.0
256;4;5;4;0.1;64;32;0.2;32;1.148860216140747;11.0
128;4;2;3;0.1;128;128;0.2;128;1.2236435413360596
;5.0
156;5;1;2;0.3;256;64;0.5;256;1.2300162315368652
;10.0
128;3;1;2;0.5;156;32;0.2;256;1.1476330757141113
;13.0
256;2;4;4;0.5;156;128;0.2;32;1.1805744171142578
;11.0
156;4;4;4;0.1;64;32;0.4;96;1.1422985792160034;13.0
156;1;4;1;0.3;156;64;0.4;32;1.1068729162216187;16.0
32;2;3;1;0.3;96;128;0.1;256;1.1071147918701172;9.0
96;1;1;3;0.2;32;64;0.2;256;1.2218377590179443;8.0
32;1;4;1;0.2;256;128;0.5;32;1.237471580505371;8.0
256;3;1;5;0.4;156;96;0.1;128;1.0843827724456787;9.0
156;4;3;3;0.4;128;128;0.3;256;1.054520606994629
;11.0
156;4;5;2;0.5;64;64;0.3;32;1.283557415008545;9.0
64;2;3;3;0.1;128;32;0.5;96;1.3622490167617798;12.0
96;4;2;4;0.5;128;128;0.3;256;1.1720553636550903;8.0
256;3;1;2;0.1;156;128;0.1;128;1.166473388671875;6.0
96;5;5;4;0.5;256;64;0.5;64;1.2395275831222534;17.0
256;4;2;2;0.4;156;32;0.1;128;1.1520967483520508;8.0
32;5;4;1;0.5;32;128;0.5;128;1.270946979522705;11.0
32;1;2;1;0.3;96;32;0.3;32;1.1700137853622437;12.0
96;5;2;3;0.2;96;128;0.1;64;1.3363655805587769;11.0
64;4;4;3;0.5;96;96;0.5;128;1.22930908203125;12.0
32;2;4;3;0.3;128;64;0.4;96;1.3312276601791382;11.0
156;2;3;2;0.5;32;64;0.5;256;1.4385290145874023;13.0
32;3;1;2;0.1;96;32;0.3;64;1.2844032049179077;11.0
128;5;4;4;0.1;128;64;0.4;64;1.1321797370910645;10.0
156;3;5;1;0.5;96;32;0.5;96;2.69092059135437;7.0
128;5;2;2;0.1;32;32;0.5;256;1.3817003965377808;13.0
64;5;1;5;0.2;156;64;0.1;256;1.2253155708312988;11.0
32;3;3;2;0.5;96;96;0.4;256;1.124557375907898;12.0
256;1;3;3;0.2;64;64;0.3;32;1.187684416770935;10.0
128;4;1;5;0.5;128;96;0.4;64;1.1674045324325562;9.0
64;4;1;5;0.2;96;64;0.2;128;1.154093861579895;9.0
156;4;4;3;0.5;128;96;0.2;128;1.0798871517181396
;13.0
128;1;5;2;0.5;128;96;0.1;32;1.1169025897979736;9.0
64;2;1;2;0.3;156;96;0.4;64;1.0436615943908691;13.0
256;4;1;3;0.3;64;64;0.4;64;1.1569015979766846;11.0
96;5;3;5;0.1;256;64;0.5;256;1.162254810333252;10.0
64;2;2;2;0.2;32;96;0.5;128;1.2302895784378052;8.0
156;2;1;3;0.1;32;96;0.5;128;1.1744991540908813;10.0
32;2;3;2;0.3;256;128;0.5;64;1.2624363899230957;10.0
32;5;1;3;0.3;256;64;0.1;96;1.2418124675750732;10.0
128;5;1;3;0.2;32;32;0.3;64;1.2448641061782837;10.0
64;1;4;5;0.5;64;32;0.4;128;1.2580828666687012;13.0
32;1;4;2;0.3;96;32;0.4;96;1.2824342250823975;14.0
128;4;1;2;0.2;64;96;0.4;64;1.1927180290222168;9.0
256;2;3;1;0.1;96;64;0.1;128;1.1761109828948975;7.0
32;3;4;1;0.3;156;128;0.5;64;1.1655960083007812;12.0
32;5;4;5;0.3;156;96;0.5;96;1.163633108139038;16.0
96;2;3;5;0.2;96;64;0.2;256;1.2612700462341309;10.0
256;3;2;4;0.5;32;128;0.3;64;1.1577774286270142;11.0
128;5;5;4;0.2;256;32;0.2;96;2.6896417140960693;4.0
156;1;5;4;0.2;256;96;0.4;64;1.2096967697143555;13.0
32;3;4;4;0.3;256;96;0.3;128;1.2137738466262817;9.0
156;2;1;2;0.4;96;128;0.3;32;1.1221425533294678;8.0
96;1;2;2;0.4;256;96;0.5;128;1.1817584037780762;10.0
32;3;5;3;0.5;96;32;0.1;128;1.1853115558624268;14.0
64;2;2;2;0.4;128;64;0.5;64;1.1909921169281006;12.0
96;4;2;2;0.1;256;64;0.2;32;1.1929566860198975;11.0
256;3;5;5;0.2;156;32;0.3;32;1.2598031759262085;14.0
96;1;2;4;0.5;32;128;0.4;32;1.144636869430542;19.0
156;2;3;3;0.3;128;64;0.1;96;1.165781855583191;8.0
32;1;5;4;0.3;128;32;0.3;128;1.2275655269622803;11.0
256;5;2;5;0.4;156;128;0.4;256;1.142979621887207;9.0
128;4;5;4;0.1;256;64;0.4;96;1.2019767761230469;12.0
156;3;3;3;0.2;32;96;0.4;32;1.1704233884811401;9.0
32;2;1;1;0.5;96;64;0.4;256;1.17239511013031;11.0
156;1;2;1;0.1;128;64;0.3;32;1.290360450744629;9.0
96;1;5;5;0.5;96;128;0.4;128;1.2009390592575073;8.0
156;3;2;2;0.3;64;96;0.1;32;1.0989058017730713;9.0
156;5;4;5;0.4;128;32;0.2;256;1.1166150569915771
;16.0
256;1;5;3;0.5;256;96;0.2;64;1.1365351676940918;10.0
64;5;2;2;0.5;96;96;0.4;64;1.1946743726730347;11.0
128;5;3;5;0.3;256;96;0.3;64;1.125723123550415;10.0
96;4;3;5;0.4;64;32;0.1;96;1.1487866640090942;14.0
64;3;5;4;0.1;128;32;0.4;64;1.167791485786438;16.0
256;4;2;4;0.1;128;96;0.2;32;1.1338988542556763;8.0
156;5;2;3;0.5;32;96;0.4;128;1.1427843570709229;16.0
64;2;1;1;0.3;128;96;0.2;64;1.0746650695800781;7.0
32;5;5;4;0.5;128;96;0.1;128;1.1374322175979614;10.0
